2.7885017415247722e-15 -0.59127785787085463 6.5546331534091444e-15 -0.00083670710163419315
-5.6245937649303731e-19 -9.7744142684668989e-05 3.015170707816229e-17 0.051395601775503813
-3.1852469100669559e-21 2.3797852928494471e-05 -1.2153833106132106e-18 2.6669876703349672e-06
3.1169174455512909e-23 1.1807411388636519e-08 3.4742349091968189e-20 9.0665243477143585e-05
1.6219710360983475e-24 -1.7217965527078559e-09 4.0783133862771458e-20 1.2761152397933974e-08
-1.1734365244145793e-27 -1.4253022406777206e-12 1.1382531521150954e-22 1.4430090986379094e-07
-1.2106128397986062e-28 1.4810485031473421e-13 -1.7031709647162317e-24 3.4257371472442198e-11
5.8647169400899424e-31 1.7192795143999541e-16 -4.8323511151797923e-25 1.9937921663825241e-10
3.0308952809811009e-33 -1.3853482699452184e-17 -5.7712532733023972e-27 6.9436823519457714e-14
-4.5979642257807581e-35 -2.0723904821228155e-20 2.1672860941801774e-28 2.1427008397515865e-13
-3.3063478465201988e-36 1.3613076782915771e-21 -7.8564101576912647e-30 1.0695915514560856e-16
5.1629693886888769e-39 2.4962035594014171e-24 2.8501685487603361e-31 9.4963609801590818e-17
-1.2653151116535767e-40 -1.3815283455760949e-25 -3.3494823891765388e-32 9.7592146884838999e-20
-8.7292549857165275e-43 -3.0044766353226447e-28 1.2589765400980595e-34 -3.2892936055550442e-19
-3.8017365683216222e-44 1.4340511923177616e-29 1.4397474065482461e-35 -8.677457058602596e-23
